10 0.00254202 0.00552652 0.0036438 0.00319283
20 0.0151933 0.0195284 0.0163146 0.015598
30 0.0470529 0.0618969 0.0501667 0.0481587
40 0.107222 0.119808 0.111665 0.107584
50 0.207866 0.266891 0.2276 0.223941
60 0.35927 0.47129 0.388741 0.382548
70 0.591034 0.738848 0.643386 0.615242
80 0.850533 0.978484 0.901544 0.864978
90 1.16981 1.3668 1.28123 1.232
100 1.62318 1.91657 1.76037 1.70438
110 2.24657 2.64333 2.44975 2.38938
120 2.84927 3.27955 3.00452 2.92455
130 3.5949 4.0375 3.75741 3.65667
140 4.49088 4.7663 4.60078 4.4363
150 5.49608 5.80202 5.61741 5.4318
160 6.6177 7.02246 6.73692 6.50421
170 7.77029 8.44316 8.05595 7.77957
180 8.83234 11.0448 9.487 9.20822
