10 0.00209293 0.00464993 0.00300499 0.00267251
20 0.0123029 0.0145321 0.0130152 0.012397
30 0.0362823 0.0459708 0.0380613 0.0365119
40 0.0783307 0.0907709 0.0815142 0.0788745
50 0.148673 0.168828 0.156061 0.150063
60 0.243359 0.27616 0.254013 0.245164
70 0.380861 0.403981 0.392032 0.379786
80 0.502192 0.622359 0.539258 0.516776
90 0.756031 0.822478 0.783862 0.75774
100 1.06626 1.17157 1.09113 1.05577
110 1.28994 1.51454 1.43741 1.38073
120 1.6353 1.70255 1.66262 1.60695
130 2.06751 2.14014 2.09882 2.03259
