10 0.00207113 0.00406895 0.0028222 0.00255964
20 0.0108684 0.0149251 0.0120641 0.0118113
30 0.029367 0.0400099 0.0322904 0.0308277
40 0.0602322 0.0719572 0.0642549 0.0621384
50 0.109721 0.137519 0.11698 0.11418
60 0.175037 0.196642 0.1836 0.178283
70 0.269902 0.304598 0.281091 0.270038
80 0.395914 0.430345 0.409603 0.396281
90 0.560149 0.66091 0.592125 0.575015
100 0.757361 0.82048 0.780221 0.755705
110 1.02489 1.13545 1.06385 1.03114
120 1.3042 1.3893 1.33549 1.28526
130 1.64265 1.78075 1.7276 1.68171
140 1.88927 2.27771 2.05563 1.93945
150 2.38079 2.51952 2.42379 2.34145
160 2.90085 2.98615 2.92931 2.83315
170 3.45694 3.62319 3.50843 3.3963
180 4.08144 4.60996 4.28805 4.20337
